100 23050.5809085
200 2978.30606883
300 2212.77963853
400 1985.76613164
500 1765.30668819
600 1799.77766586
700 1745.30843932
800 1597.08088964
900 1664.17134197
1000 1478.57976377
1100 1419.78668069
1200 1460.1545314
1300 1588.59119122
1400 1506.39785595
1500 1533.71844846
1600 1307.83790732
1700 1577.67705002
1800 1619.26619107
1900 1465.0458209
2000 1577.1283727
2100 1553.24487396
2200 1424.6782018
2300 1468.11468908
2400 1655.05350602
2500 1649.16291907
2600 1513.88548669
2700 1606.59523609
2800 1473.51638391
2900 1567.80874616
3000 1551.32167541
3100 1535.59781732
3200 1585.91448096
3300 1501.65196898
3400 1512.75517378
3500 1541.19760239
3600 1465.93082956
3700 1513.79923053
3800 1549.32214867
3900 1438.63546226
4000 1576.12843133
4100 1494.78796754
4200 1479.80138519
4300 1513.56547936
4400 1518.28394307
4500 1511.93373133
4600 1543.23965653
4700 1517.26977877
4800 1538.69325279
4900 1536.3434019
5000 1562.56827136
5100 1440.66329076
5200 1485.32320471
5300 1492.10334263
5400 1543.59945306
5500 1550.85729056
5600 1555.44449158
5700 1561.30861127
5800 1578.00817269
5900 1508.41457375
6000 1504.97489653
6100 1562.35008622
6200 1547.79883442
6300 1521.77709912
6400 1573.39041665
6500 1582.01833536
6600 1604.88369517
6700 1509.29572092
6800 1521.08865929
6900 1579.1878805
7000 1568.30076304
7100 1496.71234315
7200 1614.15271527
7300 1560.1901115
7400 1578.14182091
7500 1543.15693526
7600 1506.69840955
7700 1623.85221528
7800 1607.87804141
7900 1514.43158318
8000 1534.80904409
8100 1540.78181683
8200 1537.97709232
8300 1473.70065644
8400 1580.48648362
8500 1503.59312352
8600 1519.09686785
8700 1593.36518787
8800 1486.00862582
8900 1537.55325933
9000 1526.09182897
9100 1535.52615185
9200 1490.16515284
9300 1463.75614273
9400 1533.97762632
9500 1570.9817499
9600 1593.51415176
9700 1541.62817045
9800 1571.99914713
9900 1602.19220088



100 22595.1556376 17201.203266
200 2598.30308341 2979.66216266
300 2064.1689689 2188.67408096
400 1756.5307956 2217.23670543
500 1216.50634718 1858.99703582
600 1229.23141776 1780.66324183
700 1316.01792007 1875.44056608
800 1086.92463147 1633.43073082
900 1054.67253956 1518.77994287
1000 1003.85345612 1445.46576238
1100 1077.47814724 1507.48769263
1200 931.007265097 1472.22967992
1300 815.634883415 1423.69449969
1400 1007.48933996 1500.74572394
1500 859.314878064 1502.76670926
1600 912.916450065 1548.49428318
1700 802.786449224 1639.92414768
1800 833.772680926 1687.1212931
1900 794.669623489 1569.32162077
2000 822.805456504 1639.01383959
2100 752.030799574 1550.5743097
2200 679.550414926 1403.08699611
2300 793.247902325 1684.15083119
2400 728.164983144 1317.37455387
2500 638.826611388 1545.15106778
2600 713.250101292 1489.84533236
2700 762.308777356 1487.29568413
2800 729.784979535 1475.8635982
2900 627.293570353 1548.72690231
3000 691.890175798 1583.19552634
3100 681.745330305 1600.75015459
3200 612.272361871 1527.96756062
3300 675.525151525 1393.071996
3400 587.896280277 1469.04684468
3500 602.710741599 1523.59332206
3600 534.098475854 1556.81473084
3700 537.409468515 1450.1234641
3800 630.148684309 1524.66254299
3900 612.672051697 1493.46415212
4000 520.806977417 1506.73496069
4100 548.23373724 1522.47709583
4200 484.836092884 1523.32667818
4300 593.204132663 1552.50058258
4400 613.915240688 1571.92139219
4500 534.351551209 1683.36858319
4600 502.457674507 1565.93666323
4700 456.520015807 1435.47386836
4800 476.691128318 1512.20220394
4900 540.018205811 1606.96580733
5000 516.591836874 1487.30459671
5100 532.015023339 1442.93093507
5200 440.020983408 1558.63336369
5300 452.050501105 1581.44643747
5400 472.525629567 1520.87405912
5500 520.213044581 1515.94846077
5600 545.755854592 1628.93869221
5700 508.035495982 1499.29788678
5800 445.602612295 1558.40619107
5900 509.714596846 1511.10087612
6000 479.314325687 1556.9090735
6100 464.663565376 1536.84178364
6200 419.908883827 1536.53291997
6300 406.17560744 1498.6702457
6400 451.32380372 1616.39949168
6500 438.706931583 1587.66467282
6600 422.799338249 1535.80534476
6700 433.340455166 1576.56834643
6800 406.63643501 1564.55517731
6900 425.845415144 1534.95625014
7000 474.09008772 1616.92257583
7100 408.586762729 1467.75055776
7200 409.301883337 1535.8057172
7300 382.23453173 1552.95408751
7400 416.102275086 1549.14354323
7500 467.721557339 1581.04191321
7600 391.214195659 1542.09129655
7700 380.758893336 1586.12748507
7800 370.729005508 1537.2705258
7900 364.124173551 1576.83700015
8000 404.141491138 1454.42678983
8100 416.521960696 1597.8664907
8200 409.747720943 1580.69640015
8300 370.817612159 1538.15864889
8400 401.361745836 1520.2720873
8500 409.224521154 1551.46288831
8600 374.834498168 1573.49020995
8700 380.022118137 1595.39292472
8800 391.656955525 1551.74320843
8900 386.482617825 1553.88620174
9000 377.369411368 1590.40932873
9100 356.589230953 1599.74301938
9200 407.581188739 1577.56844443
9300 353.177756562 1631.98669383
9400 327.299687143 1562.90772649
9500 323.32059008 1568.05136166
9600 342.10077142 1520.21018375
9700 396.360974135 1503.93838447
9800 395.922877691 1596.78804609
9900 378.209028857 1569.33664648
